142
291
408
429
332
492
362
490
206
276
341
259
300
256
215
406
493
451
204
241
168
255
431
388
284
309
306
164
244
464
152
220
257
268
437
407
289
236
133
346
250
475
203
474
435
175
305
212
343
329
410
145
107
301
150
433
258
163
254
409
405
420
226
105
467
188
219
336
261
210
449
366
222
147
141
480
316
416
442
385
439
286
412
106
125
140
378
109
229
349
225
173
214
209
115
413
186
356
465
182
237
496
453
195
201
180
418
251
379
457
114
351
445
498
194
319
302
454
170
205
340
298
208
273
387
235
131
380
156
167
463
368
500
230
432
288
246
232
450
488
162
272
217
243
438
495
179
223
119
127
308
456
154
446
299
484
108
318
118
392
191
307
190
158
311
285
200
126
460
485
297
417
444
466
189
403
146
339
469
381
171
139
166
310
260
382
143
395
317
110
322
357
424
103
482
247
202
326
462
283
304
248
440
327
333
344
295
135
279
352
122
227
178
338
367
148
370
419
120
330
422
494
138
374
161
389
216
124
497
312
400
383
459
315
264
252
177
470
354
275
267
353
292
278
355
240
294
184
185
481
